50 5632 736
0 0 1584 400 3168 32
1 0 3072 496 64 160
2 0 3056 592 544 32
3 0 3056 720 32 32
4 0 3088 720 32 32
5 0 1952 528 192 32
6 0 1664 592 320 32
7 0 1424 528 96 32
8 6 72 496 16 32
9 6 1096 496 16 32
10 6 1544 496 16 32
11 6 1736 496 16 32
12 6 2184 496 16 32
13 6 2312 496 16 32
14 6 2440 496 16 32
15 6 2056 496 16 32
16 6 2632 592 16 32
17 6 2792 496 16 32
18 6 2952 496 16 32
19 6 2952 688 16 32
20 22 3056 624 32 32
21 27 3072 432 32 32
22 26 16 400 32 32
23 7 1656 625 48 30
24 7 1400 561 48 30
25 7 1880 561 48 30
26 4 1520 624 32 32
27 4 1392 560 32 32
28 4 2800 624 32 32
29 2 2608 432 32 32
30 2 1456 560 32 32
31 2 1264 432 32 32
32 3 1808 624 32 32
33 1 1872 560 32 32
34 6 1544 688 16 32
35 6 1736 688 16 32
36 6 1288 624 16 32
37 10 1040 448 32 64
38 10 816 448 32 64
39 10 560 448 32 64
40 10 304 448 32 64
41 10 2288 448 32 64
42 10 2160 448 32 64
43 10 2416 448 32 64
44 10 2896 448 32 64
45 25 3078 656 44 96
46 2 336 432 32 32
47 6 320 496 16 32
48 6 576 496 16 32
49 6 832 496 16 32
0 0 0 5632
1 0 0 2816
9 0 0 1408
73 0 0 704 48 47 46 40 39 22 8 0
74 704 0 1408 49 38 37 36 31 27 24 9 7 0
75 0 704 704
76 704 704 1408
10 1408 0 2816
81 1408 0 2112 35 34 33 32 30 26 25 24 23 15 11 10 7 6 5 0
82 2112 0 2816 43 42 41 29 28 17 16 14 13 12 2 0
83 1408 704 2112
84 2112 704 2816
11 0 1408 1408
12 1408 1408 2816
2 2816 0 5632
17 2816 0 4224
137 2816 0 3520 45 44 21 20 19 18 4 3 2 1 0
138 3520 0 4224
139 2816 704 3520
140 3520 704 4224
18 4224 0 5632
19 2816 1408 4224
20 4224 1408 5632
3 0 2816 2816
4 2816 2816 5632
